Pos	Name		Age	G	PA	AB	R	H	2B	3B	HR	RBI	SB	CS	BB	SO	BA	OBP	SLG	OPS	OPS+	TB	GDP	HBP	SH	SF	IBB
CF	Devon White#	29	153	696	641	98	159	26	7	17	60	37	4	47	133	.248	.303	.390	.693	90	250	9	5	0	3	0
2B	Roberto Alomar#	24	152	671	571	105	177	27	8	8	76	49	9	87	52	.310	.405	.427	.832	130	244	8	5	6	2	5
RF	Joe Carter	32	158	683	622	97	164	30	7	34	119	12	5	36	109	.264	.309	.498	.808	120	310	14	11	1	13	4
DH	Dave Winfield	40	156	670	583	92	169	33	3	26	108	2	3	82	89	.290	.377	.491	.867	138	286	10	1	1	3	10
3B	Kelly Gruber	30	120	481	446	42	102	16	3	11	43	7	7	26	72	.229	.275	.352	.627	72	157	14	4	1	4	3
1B	John Olerud*	23	138	537	458	68	130	28	0	16	66	1	0	70	61	.284	.375	.450	.825	127	206	15	1	1	7	11
LF	Candy Maldonado	31	137	560	489	64	133	25	4	20	66	2	2	59	112	.272	.357	.462	.819	125	226	13	7	2	3	3
C	Pat Borders	29	138	521	480	47	116	26	2	13	53	1	1	33	75	.242	.290	.385	.676	85	185	11	2	1	5	3
SS	Manuel Lee#	27	128	457	396	49	104	10	1	3	39	6	2	50	73	.263	.343	.316	.659	83	125	8	0	8	3	0
3B	Jeff Kent	24	65	222	192	36	46	13	1	8	35	2	1	20	47	.240	.324	.443	.767	110	85	3	6	0	4	0
LF	Derek Bell	23	61	184	161	23	39	6	3	2	15	7	2	15	34	.242	.324	.354	.678	88	57	6	5	2	1	1
SS	Alfredo Griffin#	34	63	164	150	21	35	7	0	0	10	3	1	9	19	.233	.273	.280	.553	53	42	3	0	3	2	0
1B	Pat Tabler	34	49	147	135	11	34	5	0	0	16	0	0	11	14	.252	.306	.289	.595	66	39	6	0	0	1	0
C	Greg Myers*	26	22	68	61	4	14	6	0	1	13	0	0	5	5	.230	.279	.377	.656	80	23	2	0	0	2	0
UT	Ed Sprague	24	22	50	47	6	11	2	0	1	7	0	0	3	7	.234	.280	.340	.620	71	16	0	0	0	0	0
OF	Turner Ward#	27	18	33	29	7	10	3	0	1	3	0	1	4	4	.345	.424	.552	.976	168	16	1	0	0	0	0
UT	Rob Ducey*	27	23	21	21	3	1	1	0	0	0	0	1	0	10	.048	.048	.095	.143	-61	2	0	0	0	0	0
C	Randy Knorr	23	8	20	19	1	5	0	0	1	2	0	0	1	5	.263	.300	.421	.721	97	8	0	0	0	0	1
3B	Tom Quinlan	24	13	17	15	2	1	1	0	0	2	0	0	2	9	.067	.176	.133	.310	-13	2	0	0	0	0	0
1B	Domingo Martinez	24	7	8	8	2	5	0	0	1	3	0	0	0	1	.625	.625	1.000	1.625	343	8	0	0	0	0	0
SS	Eddie Zosky	24	8	8	7	1	2	0	1	0	1	0	0	0	2	.286	.250	.571	.821	121	4	0	0	0	1	0
1B	Mike Maksudian*	26	3	3	3	0	0	0	0	0	0	0	0	0	0	.000	.000	.000	.000	-100	0	0	0	0	0	0
DH	Rance Mulliniks*	36	3	3	2	1	1	0	0	0	0	0	0	1	0	.500	.667	.500	1.167	227	1	0	0	0	0	0
P	David Weathers	22	2	0	0	0	0	0	0	0	0	0	0	0	0						0	0	0	0	0	0
P	Mark Eichhorn	31	23	0	0	0	0	0	0	0	0	0	0	0	0						0	0	0	0	0	0
P	David Cone*	29	8	0	0	0	0	0	0	0	0	0	0	0	0						0	0	0	0	0	0
P	Al Leiter*	26	1	0	0	0	0	0	0	0	0	0	0	0	0						0	0	0	0	0	0
P	Bob Macdonald*	27	27	0	0	0	0	0	0	0	0	0	0	0	0						0	0	0	0	0	0
P	Jack Morris	37	34	0	0	0	0	0	0	0	0	0	0	0	0						0	0	0	0	0	0
P	Pat Hentgen	23	28	0	0	0	0	0	0	0	0	0	0	0	0						0	0	0	0	0	0
P	David Wells*	29	41	0	0	0	0	0	0	0	0	0	0	0	0						0	0	0	0	0	0
P	Duane Ward	28	79	0	0	0	0	0	0	0	0	0	0	0	0						0	0	0	0	0	0
P	Juan Guzman	25	28	0	0	0	0	0	0	0	0	0	0	0	0						0	0	0	0	0	0
P	Doug Linton	27	8	0	0	0	0	0	0	0	0	0	0	0	0						0	0	0	0	0	0
P	Dave Stieb	34	21	0	0	0	0	0	0	0	0	0	0	0	0						0	0	0	0	0	0
P	Jimmy Key	31	33	0	0	0	0	0	0	0	0	0	0	0	0						0	0	0	0	0	0
P	Mike Timlin	26	26	0	0	0	0	0	0	0	0	0	0	0	0						0	0	0	0	0	0
P	Ricky Trlicek	23	2	0	0	0	0	0	0	0	0	0	0	0	0						0	0	0	0	0	0
P	Todd Stottlemyre*	27	28	0	0	0	0	0	0	0	0	0	0	0	0						0	0	0	0	0	0
P	Tom Henke	34	57	0	0	0	0	0	0	0	0	0	0	0	0						0	0	0	0	0	0
Rk	Pos	Name		Age	W	L	W-L%	ERA	G	GS	GF	CG	SHO	SV	IP	H	R	ER	HR	BB	IBB	SO	HBP	BK	WP	BF	ERA+	FIP	WHIP	H9	HR9	BB9	SO9	SO/W
1	SP	Jack Morris	37	21	6	.778	4.04	34	34	0	6	1	0	240.2	222	114	108	18	80	2	132	10	2	9	1005	101	3.78	1.255	8.3	0.7	3.0	4.9	1.65
2	SP	Jimmy Key*	31	13	13	.500	3.53	33	33	0	4	2	0	216.2	205	88	85	24	59	0	117	4	0	5	900	115	4.02	1.218	8.5	1.0	2.5	4.9	1.98
3	SP	Juan Guzman	25	16	5	.762	2.64	28	28	0	1	0	0	180.2	135	56	53	6	72	2	165	1	2	14	733	154	2.60	1.146	6.7	0.3	3.6	8.2	2.29
4	SP	Todd Stottlemyre	27	12	11	.522	4.50	28	27	0	6	2	0	174.0	175	99	87	20	63	4	98	10	0	7	755	91	4.41	1.368	9.1	1.0	3.3	5.1	1.56
5	SP	Dave Stieb	34	4	6	.400	5.04	21	14	3	1	0	0	96.1	98	58	54	9	43	3	45	4	0	4	415	81	4.53	1.464	9.2	0.8	4.0	4.2	1.05
6	CL	Tom Henke	34	3	2	.600	2.26	57	0	50	0	0	34	55.2	40	19	14	5	22	2	46	0	0	4	228	181	3.48	1.114	6.5	0.8	3.6	7.4	2.09
7	RP	David Wells*	29	7	9	.438	5.40	41	14	14	0	0	2	120.0	138	84	72	16	36	6	62	8	1	3	529	76	4.58	1.450	10.4	1.2	2.7	4.7	1.72
8	RP	Duane Ward	28	7	4	.636	1.95	79	0	35	0	0	12	101.1	76	27	22	5	39	3	103	1	0	7	414	209	2.58	1.135	6.8	0.4	3.5	9.1	2.64
9	RP	Pat Hentgen	23	5	2	.714	5.36	28	2	10	0	0	0	50.1	49	30	30	7	32	5	39	0	1	2	229	76	4.95	1.609	8.8	1.3	5.7	7.0	1.22
10	RP	Bob Macdonald*	27	1	0	1.000	4.37	27	0	9	0	0	0	47.1	50	24	23	4	16	3	26	1	0	0	204	94	3.86	1.394	9.5	0.8	3.0	4.9	1.63
11		David Cone	29	4	3	.571	2.55	8	7	0	0	0	0	53.0	39	16	15	3	29	2	47	3	0	3	224	161	3.56	1.283	6.6	0.5	4.9	8.0	1.62
12		Mike Timlin	26	0	2	.000	4.12	26	0	14	0	0	1	43.2	45	23	20	0	20	5	35	1	0	0	190	100	2.62	1.489	9.3	0.0	4.1	7.2	1.75
13		Mark Eichhorn	31	2	0	1.000	4.35	23	0	7	0	0	0	31.0	35	15	15	1	7	0	19	2	0	6	135	95	2.85	1.355	10.2	0.3	2.0	5.5	2.71
14		Doug Linton	27	1	3	.250	8.63	8	3	2	0	0	0	24.0	31	23	23	5	17	0	16	0	0	2	116	48	6.28	2.000	11.6	1.9	6.4	6.0	0.94
15		David Weathers	22	0	0		8.10	2	0	0	0	0	0	3.1	5	3	3	1	2	0	3	0	0	0	15	56	6.68	2.100	13.5	2.7	5.4	8.1	1.50
16		Ricky Trlicek	23	0	0		10.80	2	0	0	0	0	0	1.2	2	2	2	0	2	0	1	0	0	0	9	46	5.18	2.400	10.8	0.0	10.8	5.4	0.50
17		Al Leiter*	26	0	0		9.00	1	0	0	0	0	0	1.0	1	1	1	0	2	0	0	0	0	0	7	62	8.78	3.000	9.0	0.0	18.0	0.0	0.00
Name		Age	G	GS	CG	Inn	Ch	PO	A	E	DP	Fld%	Rtot	Rtot/yr	RF/9	RF/G	PB	WP	SB	CS	CS%	lgCS%	PO	Pos Summary
Roberto Alomar	24	150	150	132	1276.2	670	287	378	5	66	.993	1	1	4.69	4.40								2B-DH
Derek Bell	23	56	40	36	395.0	109	105	4	0	1	1.000	4	12	2.48	1.88								LF-CF-RF-DH
Pat Borders	29	137	132	122	1160.2	880	784	88	8	7	.991	-6	-6	6.76	6.36	11	54	116	52	31%	34%	2	C
Joe Carter	32	133	157	115	1132.1	306	284	13	9	3	.971	-2	-2	2.36	1.89								RF-LF-1B-DH
David Cone	29	8	7	0	53.0	4	2	2	0	0	1.000			0.68	0.50			15	4	21%	34%	0	P
Rob Ducey	27	13	3	3	52.0	11	11	0	0	0	1.000	-1	-12	1.90	0.65								RF-LF-CF-DH
Mark Eichhorn	31	23	0	0	31.0	8	0	8	0	0	1.000			2.32	0.35			3	0	0%	34%	0	P
Alfredo Griffin	34	61	39	31	403.2	204	61	136	7	17	.966	1	2	4.39	3.08								SS-2B
Kelly Gruber	30	120	118	106	1021.2	336	104	215	17	10	.949	-0	-0	2.81	2.66								3B
Juan Guzman	25	28	28	1	180.2	23	12	11	0	0	1.000			1.15	0.82			27	8	23%	34%	2	P
Tom Henke	34	57	0	0	55.2	4	2	2	0	0	1.000			0.65	0.07			2	1	33%	34%	0	P
Pat Hentgen	23	28	2	0	50.1	4	0	4	0	1	1.000			0.72	0.14			5	0	0%	34%	0	P
Jeff Kent	24	64	52	40	477.0	185	62	112	11	4	.941	-1	-2	3.28	2.52								3B-2B-1B
Jimmy Key	31	33	33	4	216.2	46	18	27	1	2	.978			1.87	1.36			14	9	39%	34%	0	P
Randy Knorr	23	8	5	4	47.0	36	33	3	0	0	1.000	0	0	6.89	4.50	1	4	1	3	75%	34%	0	C
Manuel Lee	27	128	126	111	1080.0	525	187	331	7	67	.987	12	13	4.32	4.05								SS
Al Leiter	26	1	0	0	1.0	0	0	0	0	0				0.00	0.00			0	0			0	P
Doug Linton	27	8	3	0	24.0	2	0	2	0	1	1.000			0.75	0.25			0	2	100%	34%	0	P
Bob Macdonald	27	27	0	0	47.1	4	2	2	0	0	1.000			0.76	0.15			4	0	0%	34%	0	P
Mike Maksudian	26	1	0	0	1.0	0	0	0	0	0		0	0	0.00	0.00								1B
Candy Maldonado	31	132	134	126	1151.2	279	260	12	7	1	.975	-7	-8	2.13	1.99								LF-RF-DH
Domingo Martinez	24	7	1	0	19.0	12	12	0	0	2	1.000	-1	-63	5.68	1.71								1B
Jack Morris	37	34	34	6	240.2	47	20	26	1	1	.979			1.72	1.35			22	16	42%	34%	0	P
Rance Mulliniks	36	2	0												0.00								DH
Greg Myers	26	18	17	13	146.0	106	92	13	1	1	.991	-1	-8	6.47	5.53	2	4	20	7	26%	34%	0	C-DH
John Olerud	23	133	125	112	1096.1	1145	1057	81	7	72	.994	2	3	9.34	8.49								1B-DH
Tom Quinlan	24	13	1	1	41.0	11	4	6	1	0	.909	-1	-35	2.20	0.77								3B
Ed Sprague	24	20	10	8	105.0	88	82	5	1	1	.989	-2	-19	7.46	3.95	1	4	7	1	13%	34%	0	C-1B-3B-DH
Dave Stieb	34	21	14	1	96.1	29	8	21	0	1	1.000			2.71	1.38			3	6	67%	34%	2	P
Todd Stottlemyre	27	28	27	6	174.0	33	15	17	1	2	.970			1.66	1.14			17	3	15%	34%	0	P
Pat Tabler	34	43	33	24	302.1	310	288	22	0	20	1.000	1	2	9.23	6.89								1B-LF-RF-3B-DH
Mike Timlin	26	26	0	0	43.2	7	2	5	0	1	1.000			1.44	0.27			4	3	43%	34%	0	P
Ricky Trlicek	23	2	0	0	1.2	0	0	0	0	0				0.00	0.00			0	0			0	P
Duane Ward	28	79	0	0	101.1	16	4	11	1	0	.938			1.33	0.19			14	4	22%	34%	0	P
Turner Ward	27	12	6	5	67.0	19	18	1	0	0	1.000	2	41	2.55	1.58								RF-CF-LF
David Weathers	22	2	0	0	3.1	0	0	0	0	0				0.00	0.00			0	0			0	P
David Wells	29	41	14	0	120.0	24	9	14	1	1	.958			1.72	0.56			14	6	30%	34%	3	P
Devon White	29	152	152	138	1307.2	459	443	9	7	2	.985	32	30	3.11	2.95								CF-DH
Dave Winfield	40	26	156	21	217.1	53	52	1	0	0	1.000	0	2	2.19	0.34								RF-DH
Eddie Zosky	24	8	1	1	25.0	13	2	10	1	2	.923	-1	-58	4.32	1.50								SS